Precision: 0.881742
Recall:    0.900312
F1:        0.890930
