Precision: 0.896329
Recall:    0.912349
F1:        0.904268
